%YAML:1.0
one:
   one_0: [ 470, 177, 470, 180, 469, 181, 469, 184, 468, 185, 468, 189,
       467, 190, 467, 194, 466, 195, 466, 198, 464, 200, 460, 200, 459,
       201, 455, 201, 454, 200, 454, 199, 453, 198, 453, 197, 452, 196,
       452, 195, 451, 194, 451, 193, 450, 192, 450, 191, 449, 190, 449,
       189, 448, 188, 448, 187, 447, 186, 447, 185, 445, 183, 445, 182,
       443, 182, 442, 183, 440, 183, 439, 184, 437, 184, 436, 185, 433,
       185, 433, 187, 434, 188, 434, 196, 435, 197, 435, 204, 436, 205,
       436, 206, 434, 208, 433, 208, 432, 209, 431, 209, 430, 210, 429,
       210, 428, 211, 426, 211, 423, 208, 422, 208, 410, 196, 408, 198,
       407, 198, 404, 201, 403, 201, 401, 203, 400, 203, 401, 204, 401,
       205, 402, 206, 402, 207, 403, 208, 403, 209, 404, 210, 404, 211,
       405, 212, 405, 214, 406, 215, 406, 216, 407, 217, 407, 218, 408,
       219, 408, 220, 409, 221, 409, 223, 402, 230, 401, 230, 400, 229,
       399, 229, 398, 228, 397, 228, 396, 227, 395, 227, 394, 226, 393,
       226, 392, 225, 391, 225, 390, 224, 389, 224, 388, 223, 387, 223,
       386, 222, 385, 222, 384, 221, 382, 221, 379, 224, 379, 225, 376,
       228, 376, 229, 375, 230, 383, 238, 383, 239, 389, 245, 389, 248,
       388, 249, 388, 250, 387, 251, 387, 252, 386, 253, 386, 254, 385,
       255, 378, 255, 377, 254, 371, 254, 370, 253, 365, 253, 364, 252,
       363, 253, 363, 254, 362, 255, 362, 257, 361, 258, 361, 260, 360,
       261, 360, 264, 361, 265, 362, 265, 364, 267, 365, 267, 366, 268,
       367, 268, 369, 270, 370, 270, 371, 271, 372, 271, 373, 272, 374,
       272, 376, 274, 377, 274, 378, 275, 378, 279, 377, 280, 377, 284,
       375, 286, 372, 286, 371, 287, 365, 287, 364, 288, 358, 288, 357,
       289, 355, 289, 355, 297, 354, 298, 354, 301, 356, 301, 357, 302,
       359, 302, 360, 303, 365, 303, 366, 304, 370, 304, 371, 305, 374,
       305, 376, 307, 376, 308, 377, 309, 377, 316, 376, 317, 375, 317,
       373, 319, 372, 319, 371, 320, 370, 320, 369, 321, 368, 321, 367,
       322, 366, 322, 365, 323, 364, 323, 363, 324, 362, 324, 361, 325,
       360, 325, 359, 326, 358, 326, 358, 328, 359, 329, 359, 331, 360,
       332, 360, 335, 361, 336, 361, 338, 368, 338, 369, 337, 376, 337,
       377, 336, 383, 336, 384, 337, 384, 338, 385, 339, 385, 340, 386,
       341, 386, 342, 387, 343, 387, 344, 388, 345, 388, 346, 373, 361,
       373, 363, 375, 365, 375, 366, 377, 368, 377, 369, 379, 371, 379,
       372, 381, 372, 382, 371, 384, 371, 385, 370, 386, 370, 387, 369,
       388, 369, 389, 368, 390, 368, 391, 367, 392, 367, 393, 366, 394,
       366, 395, 365, 397, 365, 398, 364, 399, 364, 400, 363, 403, 366,
       403, 367, 408, 372, 407, 373, 407, 374, 406, 375, 406, 377, 405,
       378, 405, 379, 404, 380, 404, 381, 403, 382, 403, 383, 402, 384,
       402, 385, 401, 386, 401, 387, 400, 388, 400, 389, 399, 390, 399,
       393, 401, 395, 402, 395, 406, 399, 407, 399, 408, 400, 409, 400,
       418, 391, 419, 391, 425, 385, 426, 385, 428, 387, 429, 387, 430,
       388, 431, 388, 432, 389, 433, 389, 435, 391, 435, 393, 434, 394,
       434, 402, 433, 403, 433, 411, 432, 412, 432, 413, 433, 414, 434,
       414, 435, 415, 437, 415, 438, 416, 440, 416, 441, 417, 442, 417,
       443, 418, 444, 418, 445, 417, 445, 416, 446, 415, 446, 414, 447,
       413, 447, 412, 448, 411, 448, 410, 450, 408, 450, 407, 451, 406,
       451, 405, 452, 404, 452, 403, 453, 402, 453, 401, 456, 398, 458,
       398, 459, 399, 464, 399, 467, 402, 467, 406, 468, 407, 468, 412,
       469, 413, 469, 417, 470, 418, 470, 423, 482, 423, 483, 424, 483,
       420, 484, 419, 484, 416, 485, 415, 485, 411, 486, 410, 486, 405,
       487, 404, 487, 402, 489, 400, 495, 400, 496, 399, 497, 399, 499,
       401, 499, 402, 500, 403, 500, 404, 501, 405, 501, 406, 502, 407,
       502, 408, 503, 409, 503, 410, 504, 411, 504, 412, 505, 413, 505,
       414, 507, 416, 507, 417, 508, 418, 508, 419, 509, 420, 510, 420,
       511, 419, 513, 419, 514, 418, 516, 418, 517, 417, 520, 417, 521,
       416, 520, 415, 520, 409, 519, 408, 519, 400, 518, 399, 518, 394,
       520, 392, 522, 392, 523, 391, 524, 391, 525, 390, 526, 390, 527,
       389, 528, 389, 544, 405, 545, 405, 548, 402, 549, 402, 551, 400,
       552, 400, 554, 398, 554, 396, 553, 395, 553, 394, 552, 393, 552,
       392, 551, 391, 551, 390, 550, 389, 550, 387, 549, 386, 549, 385,
       548, 384, 548, 383, 547, 382, 547, 381, 546, 380, 546, 379, 545,
       378, 545, 376, 546, 375, 547, 375, 553, 369, 554, 369, 556, 371,
       557, 371, 558, 372, 559, 372, 560, 373, 562, 373, 564, 375, 565,
       375, 566, 376, 568, 376, 570, 378, 571, 378, 572, 379, 573, 379,
       575, 377, 575, 376, 578, 373, 578, 372, 580, 370, 580, 369, 577,
       366, 577, 365, 566, 354, 566, 353, 565, 352, 565, 351, 566, 350,
       566, 349, 567, 348, 567, 347, 568, 346, 568, 345, 571, 342, 572,
       343, 579, 343, 580, 344, 585, 344, 586, 345, 592, 345, 592, 344,
       593, 343, 593, 341, 594, 340, 594, 338, 595, 337, 595, 334, 593,
       332, 592, 332, 591, 331, 590, 331, 588, 329, 587, 329, 586, 328,
       585, 328, 584, 327, 583, 327, 581, 325, 580, 325, 579, 324, 578,
       324, 576, 322, 576, 319, 577, 318, 577, 313, 579, 311, 582, 311,
       583, 310, 587, 310, 588, 309, 595, 309, 596, 308, 599, 308, 599,
       301, 600, 300, 600, 298, 599, 297, 600, 296, 599, 295, 595, 295,
       594, 294, 591, 294, 590, 293, 586, 293, 585, 292, 582, 292, 581,
       291, 579, 291, 577, 289, 577, 284, 576, 283, 576, 281, 579, 278,
       580, 278, 581, 277, 583, 277, 584, 276, 585, 276, 587, 274, 588,
       274, 589, 273, 590, 273, 591, 272, 592, 272, 593, 271, 594, 271,
       595, 270, 596, 270, 595, 269, 595, 267, 594, 266, 594, 264, 593,
       263, 593, 261, 592, 260, 592, 259, 591, 258, 590, 258, 589, 259,
       580, 259, 579, 260, 570, 260, 568, 258, 568, 257, 567, 256, 567,
       255, 566, 254, 566, 253, 565, 252, 565, 250, 567, 248, 567, 247,
       569, 245, 570, 245, 570, 244, 579, 235, 579, 234, 577, 232, 577,
       231, 574, 228, 574, 227, 572, 225, 571, 225, 570, 226, 568, 226,
       567, 227, 566, 227, 565, 228, 564, 228, 563, 229, 562, 229, 561,
       230, 559, 230, 557, 232, 555, 232, 554, 233, 551, 233, 544, 226,
       544, 224, 545, 223, 545, 222, 546, 221, 546, 220, 547, 219, 547,
       218, 548, 217, 548, 216, 549, 215, 549, 214, 550, 213, 550, 212,
       551, 211, 551, 210, 552, 209, 552, 208, 553, 207, 553, 206, 552,
       205, 551, 205, 548, 202, 547, 202, 545, 200, 544, 200, 543, 199,
       539, 203, 538, 203, 530, 211, 529, 211, 526, 214, 524, 212, 523,
       212, 522, 211, 521, 211, 520, 210, 519, 210, 517, 208, 517, 203,
       518, 202, 518, 196, 519, 195, 519, 188, 520, 187, 519, 187, 518,
       186, 516, 186, 515, 185, 513, 185, 512, 184, 510, 184, 509, 183,
       508, 183, 507, 184, 507, 185, 506, 186, 506, 187, 504, 189, 504,
       190, 503, 191, 503, 192, 502, 193, 502, 194, 500, 196, 500, 197,
       499, 198, 499, 199, 496, 202, 494, 202, 493, 201, 488, 201, 485,
       198, 485, 193, 484, 192, 484, 187, 483, 186, 483, 181, 482, 180,
       482, 178, 472, 178, 471, 177 ]
   one_1: [ 266, 137, 266, 141, 265, 142, 265, 146, 263, 148, 259, 148,
       257, 146, 257, 145, 256, 144, 256, 143, 255, 142, 255, 141, 254,
       140, 254, 139, 253, 139, 252, 140, 249, 140, 249, 149, 250, 150,
       248, 152, 246, 152, 245, 153, 244, 153, 237, 146, 236, 146, 234,
       148, 233, 148, 232, 149, 233, 150, 233, 151, 234, 152, 234, 154,
       235, 155, 235, 156, 236, 157, 236, 159, 232, 163, 231, 162, 230,
       162, 229, 161, 228, 161, 227, 160, 226, 160, 225, 159, 224, 159,
       223, 158, 222, 158, 221, 159, 221, 160, 219, 162, 225, 168, 225,
       169, 226, 170, 226, 171, 225, 172, 225, 173, 223, 175, 220, 175,
       219, 174, 213, 174, 212, 175, 212, 177, 211, 178, 212, 179, 213,
       179, 215, 181, 216, 181, 217, 182, 218, 182, 220, 184, 220, 188,
